1 1 1 主角 1 500 10 0 100 0
10 2 1 初级法师 1 50 20 0 100 50
11 2 1 小蝙蝠 1 25 10 0 100 10
12 2 1 绿史莱姆 1 10 5 0 100 15
13 2 1 红史莱姆 1 15 5 0 100 20
14 2 1 黑史莱姆 1 20 5 0 100 25
15 2 1 红蝙蝠 1 100 15 0 100 70
16 2 1 小骷髅 1 25 15 0 100 15
17 2 1 持盾骷髅 1 150 15 5 100 150
18 2 1 铠甲守卫 1 200 20 5 100 300
100 3 1 红砖墙 1 
101 3 2 黑石地板 1 
102 3 1 信息板左上 1 
103 3 1 信息板中上 1 
104 3 1 信息板右上 1 
105 3 1 信息板左中 1 
106 3 1 信息板中 1 
107 3 1 信息板右中 1 
108 3 1 信息板左下 1 
109 3 1 信息板中下 1 
110 3 1 信息板右下 1 
1007 4 1 向上楼梯 1 
1008 4 2 向下楼梯 1 
1000 4 3 黄门 1 
1001 4 4 黄钥匙 1 
1002 4 5 红药水 20 
1003 4 6 蓝药水 1 
1004 4 7 红宝石 50 
1005 4 8 蓝宝石 1 
1006 4 9 幸运金币 1 
1009 4 3 铁栅栏 3 
1010 4 10 工匠 1 
1011 4 10 老者 1 
1012 4 10 商人 1 
1013 4 3 蓝门 2 
1014 4 4 蓝钥匙 2 
