1 50 20 3 0
2 70 20 3 0
3 90 20 3 0
4 110 20 3 0
5 130 20 3 0
6 150 20 3 0
7 170 20 3 0
8 190 20 3 0
9 210 20 3 0
10 230 20 3 0
11 250 20 3 0
12 270 20 3 0
13 290 20 3 0
14 310 20 3 0
15 330 20 3 0
16 350 20 3 0
17 370 20 3 0
18 390 20 3 0
19 410 20 3 0
20 430 20 3 0
21 450 20 3 0
22 470 20 3 0
23 490 20 3 0
24 510 20 3 0
25 530 20 3 0
26 550 20 3 0
27 570 20 3 0
28 590 20 3 0
29 610 20 3 0
30 630 20 3 0
31 650 20 3 0
32 670 20 3 0
33 690 20 3 0
34 710 20 3 0
35 730 20 3 0
36 750 20 3 0
37 770 20 3 0
38 790 20 3 0
39 810 20 3 0
40 830 20 3 0
41 850 20 3 0
42 870 20 3 0
43 890 20 3 0
44 910 20 3 0
45 930 20 3 0
46 950 20 3 0
47 970 20 3 0
48 990 20 3 0
49 1010 20 3 0
20 1030 20 3 0
